25
0 7916 3373 2816 2058 4325 2628 6834 4657 6990 6349 7538 4434 8084 4356 4681 1144 1196 5610 5585 4314 2290 3866 6735 1963
7916 0 5403 7034 9344 3949 6268 2132 3873 14276 13635 1642 4594 1680 4630 11967 6886 8482 12896 2861 11600 9576 11152 14021 9249
3373 5403 0 2491 4801 1812 1725 4321 2144 9733 9092 5025 1921 5571 1843 7424 2343 3939 8353 3072 7057 5033 6609 9478 4706
2816 7034 2491 0 4244 3443 1746 5952 3775 9176 8535 6656 3552 7202 3474 6867 1786 3382 7796 4703 6500 4476 6052 8921 4149
2058 9344 4801 4244 0 5753 4056 8262 6085 6748 6107 8966 5862 9512 5784 4439 2572 2418 5368 7013 4072 2048 3624 6493 1909
4325 3949 1812 3443 5753 0 2677 2867 690 10685 10044 3571 1003 4117 1039 8376 3295 4891 9305 1618 8009 5985 7561 10430 5658
2628 6268 1725 1746 4056 2677 0 5186 3009 8988 8347 5890 2786 6436 2708 6679 1598 3194 7608 3937 6312 4288 5864 8733 3961
6834 2132 4321 5952 8262 2867 5186 0 2791 13194 12553 1754 3512 2300 3548 10885 5804 7400 11814 1779 10518 8494 10070 12939 8167
4657 3873 2144 3775 6085 690 3009 2791 0 11017 10376 3495 1335 4041 1371 8708 3627 5223 9637 1542 8341 6317 7893 10762 5990
6990 14276 9733 9176 6748 10685 8988 13194 11017 0 2183 13898 10794 14444 10716 2891 7504 7350 2224 11945 3456 5026 4696 1493 6841
6349 13635 9092 8535 6107 10044 8347 12553 10376 2183 0 13257 10153 13803 10075 2250 6863 6709 1583 11304 2815 4385 4055 1928 6200
7538 1642 5025 6656 8966 3571 5890 1754 3495 13898 13257 0 4216 1810 4252 11589 6508 8104 12518 2483 11222 9198 10774 13643 8871
4434 4594 1921 3552 5862 1003 2786 3512 1335 10794 10153 4216 0 4762 1148 8485 3404 5000 9414 2263 8118 6094 7670 10539 5767
8084 1680 5571 7202 9512 4117 6436 2300 4041 14444 13803 1810 4762 0 4798 12135 7054 8650 13064 3029 11768 9744 11320 14189 9417
4356 4630 1843 3474 5784 1039 2708 3548 1371 10716 10075 4252 1148 4798 0 8407 3326 4922 9336 2299 8040 6016 7592 10461 5689
4681 11967 7424 6867 4439 8376 6679 10885 8708 2891 2250 11589 8485 12135 8407 0 5195 5041 1511 9636 1147 2717 2387 2636 4532
1144 6886 2343 1786 2572 3295 1598 5804 3627 7504 6863 6508 3404 7054 3326 5195 0 1710 6124 4555 4828 2804 4380 7249 2477
1196 8482 3939 3382 2418 4891 3194 7400 5223 7350 6709 8104 5000 8650 4922 5041 1710 0 5970 6151 4674 2650 4226 7095 2323
5610 12896 8353 7796 5368 9305 7608 11814 9637 2224 1583 12518 9414 13064 9336 1511 6124 5970 0 10565 2076 3646 3316 1969 5461
5585 2861 3072 4703 7013 1618 3937 1779 1542 11945 11304 2483 2263 3029 2299 9636 4555 6151 10565 0 9269 7245 8821 11690 6918
4314 11600 7057 6500 4072 8009 6312 10518 8341 3456 2815 11222 8118 11768 8040 1147 4828 4674 2076 9269 0 2350 2020 3201 4165
2290 9576 5033 4476 2048 5985 4288 8494 6317 5026 4385 9198 6094 9744 6016 2717 2804 2650 3646 7245 2350 0 1902 4771 2141
3866 11152 6609 6052 3624 7561 5864 10070 7893 4696 4055 10774 7670 11320 7592 2387 4380 4226 3316 8821 2020 1902 0 4441 3717
6735 14021 9478 8921 6493 10430 8733 12939 10762 1493 1928 13643 10539 14189 10461 2636 7249 7095 1969 11690 3201 4771 4441 0 6586
1963 9249 4706 4149 1909 5658 3961 8167 5990 6841 6200 8871 5767 9417 5689 4532 2477 2323 5461 6918 4165 2141 3717 6586 0
