32
0 1725 1345 2019 1575 1162 1347 1113 1076 1324 1219 1501 1114 1875 1606 1807 1497 1631 1742 1659 1824 2005 1598 1579 1286 1656 1823 1034 1064 1702 1599 1470 
1725 0 1169 1100 1105 1157 1648 1749 1696 1032 1395 1197 1514 1737 1352 1750 1851 1194 1199 1741 1615 1594 1195 1177 1102 1109 1130 1349 1829 1813 1998 1778 
1345 1169 0 1704 1587 1568 1967 1092 1972 1590 1932 1301 1827 1961 1638 1888 1183 1159 1305 1329 1817 1135 1254 1539 1144 1617 1343 1147 1202 1298 2038 1372 
2019 1100 1704 0 1627 1069 1534 1090 1837 1431 1663 1236 1551 1995 1949 1700 1035 1057 2028 1507 1121 1070 1765 1745 1755 1174 2043 1917 1462 1925 1170 1354 
1575 1105 1587 1627 0 1267 1758 1303 1558 1031 1476 1487 1309 1388 1684 1335 1104 1150 1189 1229 1511 1628 1230 1796 1426 1340 1597 1212 1384 1065 1636 1783 
1162 1157 1568 1069 1267 0 1857 1389 1595 1292 1385 1560 1747 1365 1071 1334 1548 1887 1054 1110 1790 1815 1687 1552 1923 1588 1585 1235 1412 1802 1364 1930 
1347 1648 1967 1534 1758 1857 0 1111 1136 1394 1791 1968 1756 1482 1445 2012 1313 1505 2042 1139 1806 1191 1893 1520 1207 1402 1295 2001 1264 1729 1438 1878 
1113 1749 1092 1090 1303 1389 1111 0 1116 1531 1443 1459 1730 1697 1509 1855 1441 1103 1644 1167 1880 1117 1626 1825 1947 1777 1936 1899 1678 1213 1422 1708 
1076 1696 1972 1837 1558 1595 1136 1116 0 1989 1407 1681 1905 1592 1527 1816 1063 1442 1591 1661 2024 1284 1686 1715 1481 1975 1866 1059 1134 1944 1566 1732 
1324 1032 1590 1431 1031 1292 1394 1531 1989 0 1630 1600 1062 1903 1094 1965 1781 1555 1574 1841 1489 1299 1900 1040 1728 1962 1980 1629 1137 1268 1814 1192 
1219 1395 1932 1663 1476 1385 1791 1443 1407 1630 0 2039 1657 1950 1499 1718 1584 1886 1868 1452 1253 1832 1879 2008 1337 1358 2015 1321 1260 1131 1047 1842 
1501 1197 1301 1236 1487 1560 1968 1459 1681 1600 2039 0 1028 2036 1530 1605 1554 1221 1216 1080 1890 2034 1390 1768 1536 1339 1706 1620 2013 1913 1623 1642 
1114 1514 1827 1551 1309 1747 1756 1730 1905 1062 1657 1028 0 1186 1990 1318 1042 2031 1723 1616 1762 1692 1477 2041 1593 1546 1072 1165 1280 1228 1350 1331 
1875 1737 1961 1995 1388 1365 1482 1697 1592 1903 1950 2036 1186 0 1273 1138 1877 1430 1067 1315 1084 1658 1982 1845 1424 1187 1056 1679 1041 1959 1751 1367 
1606 1352 1638 1949 1684 1071 1445 1509 1527 1094 1499 1530 1990 1273 0 1798 2011 1454 1045 1874 1983 1908 1311 1049 1688 1290 2007 1320 1931 1149 1293 1263 
1807 1750 1888 1700 1335 1334 2012 1855 1816 1965 1718 1605 1318 1138 1798 0 1297 1504 1043 1120 1271 2047 1143 1466 1609 1735 1276 1369 1812 1939 1835 2003 
1497 1851 1183 1035 1104 1548 1313 1441 1063 1781 1584 1554 1042 1877 2011 1297 0 1393 1246 1870 1408 1201 1166 1493 1804 1215 1222 1619 1410 1726 1694 1748 
1631 1194 1159 1057 1150 1887 1505 1103 1442 1555 1886 1221 2031 1430 1454 1504 1393 0 1926 1564 1770 1409 1168 1971 1429 1705 1703 1559 1330 1164 1374 1371 
1742 1199 1305 2028 1189 1054 2042 1644 1591 1574 1868 1216 1723 1067 1045 1043 1246 1926 0 1193 1122 1966 1739 1327 1296 1561 1247 1792 1300 1538 1895 2017 
1659 1741 1329 1507 1229 1110 1139 1167 1661 1841 1452 1080 1616 1315 1874 1120 1870 1564 1193 0 1518 1468 1416 1414 1985 1203 1362 1821 1513 1997 1453 1986 
1824 1615 1817 1121 1511 1790 1806 1880 2024 1489 1253 1890 1762 1084 1983 1271 1408 1770 1122 1518 0 1307 1882 2002 1909 1038 1614 1563 1503 1836 1224 1685 
2005 1594 1135 1070 1628 1815 1191 1117 1284 1299 1832 2034 1692 1658 1908 2047 1201 1409 1966 1468 1307 0 1826 1418 1918 1506 1098 1312 1275 1752 1061 1381 
1598 1195 1254 1765 1230 1687 1893 1626 1686 1900 1879 1390 1477 1982 1311 1143 1166 1168 1739 1416 1882 1826 0 1666 1991 1611 1540 1660 1786 1451 1077 1255 
1579 1177 1539 1745 1796 1552 1520 1825 1715 1040 2008 1768 2041 1845 1049 1466 1493 1971 1327 1414 2002 1418 1666 0 1915 1830 1625 1383 1490 1396 1089 1050 
1286 1102 1144 1755 1426 1923 1207 1947 1481 1728 1337 1536 1593 1424 1688 1609 1804 1429 1296 1985 1909 1918 1991 1915 0 1440 1951 1940 1328 1379 1039 1128 
1656 1109 1617 1174 1340 1588 1402 1777 1975 1962 1358 1339 1546 1187 1290 1735 1215 1705 1561 1203 1038 1506 1611 1830 1440 0 1717 1033 1840 1274 1612 1831 
1823 1130 1343 2043 1597 1585 1295 1936 1866 1980 2015 1706 1072 1056 2007 1276 1222 1703 1247 1362 1614 1098 1540 1625 1951 1717 0 1211 1731 1782 1993 1779 
1034 1349 1147 1917 1212 1235 2001 1899 1059 1629 1321 1620 1165 1679 1320 1369 1619 1559 1792 1821 1563 1312 1660 1383 1940 1033 1211 0 1902 1929 1106 1175 
1064 1829 1202 1462 1384 1412 1264 1678 1134 1137 1260 2013 1280 1041 1931 1812 1410 1330 1300 1513 1503 1275 1786 1490 1328 1840 1731 1902 0 1400 1510 1024 
1702 1813 1298 1925 1065 1802 1729 1213 1944 1268 1131 1913 1228 1959 1149 1939 1726 1164 1538 1997 1836 1752 1451 1396 1379 1274 1782 1929 1400 0 1405 1210 
1599 1998 2038 1170 1636 1364 1438 1422 1566 1814 1047 1623 1350 1751 1293 1835 1694 1374 1895 1453 1224 1061 1077 1089 1039 1612 1993 1106 1510 1405 0 1436 
1470 1778 1372 1354 1783 1930 1878 1708 1732 1192 1842 1642 1331 1367 1263 2003 1748 1371 2017 1986 1685 1381 1255 1050 1128 1831 1779 1175 1024 1210 1436 0 
