26
2
0 9802 6913 5180 371 13453 4579 1983 4989 13139 5668 8452 3684 12099 4071 13198 1393 11844 10496 8925 8739 7535 10911 5959 4132 2992
9802 0 4729 6156 9619 4167 6707 8571 6401 3853 5254 2678 7584 2813 7587 3912 9839 2558 1210 1307 2637 3567 1625 4955 6042 8778
6913 4729 0 3267 6730 8380 3818 5682 3512 8066 2365 3379 4695 7026 4698 8125 6950 6771 5423 3852 3666 2462 5838 2066 3153 5889
5180 6156 3267 0 4997 9807 2085 3949 1779 9493 2022 4806 2962 8453 2965 9552 5217 8198 6850 5279 5093 3889 7265 2313 1420 4156
371 9619 6730 4997 0 13270 4396 1800 4806 12956 5485 8269 3501 11916 3888 13015 1210 11661 10313 8742 8556 7352 10728 5776 3949 2809
13453 4167 8380 9807 13270 0 10358 12222 10052 1854 8905 6329 11235 2788 11238 1499 13490 2929 4469 4958 6288 7218 3222 8606 9693 12429
4579 6707 3818 2085 4396 10358 0 3348 1894 10044 2573 5357 2361 9004 2364 10103 4616 8749 7401 5830 5644 4440 7816 2864 1037 3555
1983 8571 5682 3949 1800 12222 3348 0 3758 11908 4437 7221 2453 10868 2840 11967 2020 10613 9265 7694 7508 6304 9680 4728 2901 1761
4989 6401 3512 1779 4806 10052 1894 3758 0 9738 2267 5051 2771 8698 2774 9797 5026 8443 7095 5524 5338 4134 7510 2558 1229 3965
13139 3853 8066 9493 12956 1854 10044 11908 9738 0 8591 6015 10921 2474 10924 1599 13176 2615 4155 4644 5974 6904 2908 8292 9379 12115
5668 5254 2365 2022 5485 8905 2573 4437 2267 8591 0 3904 3450 7551 3453 8650 5705 7296 5948 4377 4191 2987 6363 1411 1908 4644
8452 2678 3379 4806 8269 6329 5357 7221 5051 6015 3904 0 6234 4975 6237 6074 8489 4720 3372 1801 1615 2217 3787 3605 4692 7428
3684 7584 4695 2962 3501 11235 2361 2453 2771 10921 3450 6234 0 9881 1853 10980 3721 9626 8278 6707 6521 5317 8693 3741 1914 2660
12099 2813 7026 8453 11916 2788 9004 10868 8698 2474 7551 4975 9881 0 9884 2533 12136 1575 3115 3604 4934 5864 1868 7252 8339 11075
4071 7587 4698 2965 3888 11238 2364 2840 2774 10924 3453 6237 1853 9884 0 10983 4108 9629 8281 6710 6524 5320 8696 3744 1917 3047
13198 3912 8125 9552 13015 1499 10103 11967 9797 1599 8650 6074 10980 2533 10983 0 13235 2674 4214 4703 6033 6963 2967 8351 9438 12174
1393 9839 6950 5217 1210 13490 4616 2020 5026 13176 5705 8489 3721 12136 4108 13235 0 11881 10533 8962 8776 7572 10948 5996 4169 3029
11844 2558 6771 8198 11661 2929 8749 10613 8443 2615 7296 4720 9626 1575 9629 2674 11881 0 2860 3349 4679 5609 1613 6997 8084 10820
10496 1210 5423 6850 10313 4469 7401 9265 7095 4155 5948 3372 8278 3115 8281 4214 10533 2860 0 2001 3331 4261 1927 5649 6736 9472
8925 1307 3852 5279 8742 4958 5830 7694 5524 4644 4377 1801 6707 3604 6710 4703 8962 3349 2001 0 1760 2690 2416 4078 5165 7901
8739 2637 3666 5093 8556 6288 5644 7508 5338 5974 4191 1615 6521 4934 6524 6033 8776 4679 3331 1760 0 2504 3746 3892 4979 7715
7535 3567 2462 3889 7352 7218 4440 6304 4134 6904 2987 2217 5317 5864 5320 6963 7572 5609 4261 2690 2504 0 4676 2688 3775 6511
10911 1625 5838 7265 10728 3222 7816 9680 7510 2908 6363 3787 8693 1868 8696 2967 10948 1613 1927 2416 3746 4676 0 6064 7151 9887
5959 4955 2066 2313 5776 8606 2864 4728 2558 8292 1411 3605 3741 7252 3744 8351 5996 6997 5649 4078 3892 2688 6064 0 2199 4935
4132 6042 3153 1420 3949 9693 1037 2901 1229 9379 1908 4692 1914 8339 1917 9438 4169 8084 6736 5165 4979 3775 7151 2199 0 3108
2992 8778 5889 4156 2809 12429 3555 1761 3965 12115 4644 7428 2660 11075 3047 12174 3029 10820 9472 7901 7715 6511 9887 4935 3108 0
