30
0 909 1084 1092 1592 1536 1045 1612 1797 1069 1767 1075 1003 1259 1017 1212 1563 1519 1464 944 996 1423 1541 1406 1791 1416 1603 1619 1056 1711 
909 0 1328 1180 1209 1617 1754 1033 1531 1303 1026 1690 1506 1355 1304 1133 1699 985 1172 1451 1100 1337 1317 1626 1730 977 1578 1410 1760 1508 
1084 1328 0 1704 1117 1756 1021 971 1740 1179 938 1386 920 1429 1588 974 1115 1394 1098 1598 1568 1005 1261 1533 1454 1557 1095 1653 1665 1582 
1092 1180 1704 0 1297 1039 1683 1090 998 1421 1024 1426 1733 1166 1201 964 1657 1181 1726 1714 1359 1365 1343 1193 1795 1379 1125 1218 1106 1211 
1592 1209 1117 1297 0 1752 1470 1348 1417 1671 1741 1599 1761 986 1381 1335 1658 1301 1050 1232 1397 1364 1674 1543 1534 1535 1616 1288 1208 1063 
1536 1617 1756 1039 1752 0 1509 1771 1091 1481 1507 1286 1178 924 1053 1631 988 1718 1728 1672 1712 989 1276 966 1602 1203 1473 1225 1001 1621 
1045 1754 1021 1683 1470 1509 0 1376 1245 1595 1064 1087 1700 1223 1460 1306 1079 1262 1300 1645 1775 1503 1710 1634 1505 1258 1702 1185 1724 951 
1612 1033 971 1090 1348 1771 1376 0 1468 1173 1280 1682 1528 1571 1192 914 1527 1113 1641 1168 1573 1187 906 1686 1124 1461 1214 1488 1007 1736 
1797 1531 1740 998 1417 1091 1245 1468 0 1566 1580 1157 1522 970 1298 1559 1664 1750 1049 1420 1313 1723 1549 933 1748 948 1562 1240 1784 1174 
1069 1303 1179 1421 1671 1481 1595 1173 1566 0 1452 1479 1358 1405 1302 1149 1552 915 1263 1471 1184 1019 946 1716 1632 1691 1231 1579 1195 1591 
1767 1026 938 1024 1741 1507 1064 1280 1580 1452 0 1480 908 1615 1574 1515 965 1627 1077 1354 1369 905 1186 1709 1074 1018 1229 1688 1435 1264 
1075 1690 1386 1426 1599 1286 1087 1682 1157 1479 1480 0 1101 949 1414 1496 1564 1605 1643 1395 1556 984 1565 1167 1269 1085 954 1769 1285 1404 
1003 1506 920 1733 1761 1178 1700 1528 1522 1358 908 1101 0 1622 1546 1194 1244 1058 1697 1266 1639 1031 1655 1277 1498 1012 1320 1418 1314 1294 
1259 1355 1429 1166 986 924 1223 1571 970 1405 1615 949 1622 0 1047 1219 1485 1431 1296 1230 1360 1778 1413 1762 904 1436 1279 1273 1489 1701 
1017 1304 1588 1201 1381 1053 1460 1192 1298 1302 1574 1414 1546 1047 0 955 1635 1052 957 1597 1198 1447 1419 1737 1402 1103 1071 1729 1309 999 
1212 1133 974 964 1335 1631 1306 914 1559 1149 1515 1496 1194 1219 955 0 978 1448 1057 1393 1544 1099 1408 1625 1705 1036 1391 1135 1044 1465 
1563 1699 1115 1657 1658 988 1079 1527 1664 1552 965 1564 1244 1485 1635 978 0 1352 1567 1604 1445 1532 1316 1425 1751 1738 1204 1000 1613 1040 
1519 985 1394 1181 1301 1718 1262 1113 1750 915 1627 1605 1058 1431 1052 1448 1352 0 1548 1606 1235 1502 1739 1148 1062 1227 903 1161 1332 967 
1464 1172 1098 1726 1050 1728 1300 1641 1049 1263 1077 1643 1697 1296 957 1057 1567 1548 0 1371 981 1458 1121 979 1126 1521 1428 1041 1441 1434 
944 1451 1598 1714 1232 1672 1645 1168 1420 1471 1354 1395 1266 1230 1597 1393 1604 1606 1371 0 1032 1366 1158 1220 1066 1742 1589 1725 1315 1659 
996 1100 1568 1359 1397 1712 1775 1573 1313 1184 1369 1556 1639 1360 1198 1544 1445 1235 981 1032 0 1156 1146 1530 1389 1270 1344 1169 1043 1176 
1423 1337 1005 1365 1364 989 1503 1187 1723 1019 905 984 1031 1778 1447 1099 1532 1502 1458 1366 1156 0 1474 960 1772 1104 1687 995 1673 1555 
1541 1317 1261 1343 1674 1276 1710 906 1549 946 1186 1565 1655 1413 1419 1408 1316 1739 1121 1158 1146 1474 0 1345 1046 980 1034 993 1518 1494 
1406 1626 1533 1193 1543 966 1634 1686 933 1716 1709 1167 1277 1762 1737 1625 1425 1148 979 1220 1530 960 1345 0 1766 918 1727 1390 1108 1119 
1791 1730 1454 1795 1534 1602 1505 1124 1748 1632 1074 1269 1498 904 1402 1705 1751 1062 1126 1066 1389 1772 1046 1766 0 1693 1088 1575 1491 968 
1416 977 1557 1379 1535 1203 1258 1461 948 1691 1018 1085 1012 1436 1103 1036 1738 1227 1521 1742 1270 1104 980 918 1693 0 1773 1291 1132 1652 
1603 1578 1095 1125 1616 1473 1702 1214 1562 1231 1229 954 1320 1279 1071 1391 1204 903 1428 1589 1344 1687 1034 1727 1088 1773 0 1545 1073 1318 
1619 1410 1653 1218 1288 1225 1185 1488 1240 1579 1688 1769 1418 1273 1729 1135 1000 1161 1041 1725 1169 995 993 1390 1575 1291 1545 0 1469 1292 
1056 1760 1665 1106 1208 1001 1724 1007 1784 1195 1435 1285 1314 1489 1309 1044 1613 1332 1441 1315 1043 1673 1518 1108 1491 1132 1073 1469 0 1144 
1711 1508 1582 1211 1063 1621 951 1736 1174 1591 1264 1404 1294 1701 999 1465 1040 967 1434 1659 1176 1555 1494 1119 968 1652 1318 1292 1144 0 
